100
933885643
2113591016
423918864
1928125812
1814870777
1004029067
1880703956
900007879
741583615
1395584526
132519131
11411615
793072922
617886132
1188663283
1037989514
2058723953
1154457189
620787013
2108478172
5127386
502350250
1380618495
1819225423
1486431060
1890730958
1656563336
1657752237
335260449
448046569
732112984
370270532
1690504098
787143533
349586660
1348725931
931613117
1576198123
296853614
543202403
364153060
506410900
1200929946
636318050
90672728
1838597479
1005324417
641937815
1865461606
610230198
114242782
609537350
243446700
2003202178
894897924
451365121
1979760395
416065543
2107648931
1512457925
230145863
1757757129
949293130
1703461988
239897352
171141091
232407899
809790210
165526755
1636511240
1393821067
1855444156
93549813
1140826154
1648782768
1761466146
1800175279
47602220
645350769
34432859
1488710219
1622495158
1995534983
1185288281
878062635
833125912
714328974
322914468
2050583742
2071560834
54825480
177031237
745692211
1025022109
1571288118
1459356691
1010468017
71038816
2109761762
63348468
