1000
488833305
1700071092
1064094312
876212944
1754954902
1626300508
474352358
976886630
1751219531
1456573547
1061344154
1108879333
112598728
1526845947
1608351883
2134106616
765270584
936099767
408811104
1730419769
1005812794
27502737
1065273814
760291553
974882893
710355269
1042378380
245826132
987589319
164268008
1244464664
1848906057
735394886
1532388764
478067310
1250986558
1224016183
1140893172
1867720082
1944492134
1597984694
1627147309
1247495265
924155177
1390945547
52648799
975463630
1870416147
1863993536
851551623
1636315455
1111932541
826665753
1492138175
1543240063
772494398
842120246
218606309
148015686
1178135046
919632443
1765737892
762142722
2145096328
1919926512
817901701
1882906750
1413424639
1116633562
502463071
316338244
1555844746
560316862
1936567742
1289618606
312434351
1629002419
115151726
408582762
821874558
1089743491
3344204
1174371669
2068616880
1109436911
698065174
1296532996
704778309
988320508
1441863643
888185250
21972880
29999343
1941895614
860552237
495673746
780685188
1852297156
1841485785
2105421866
1220972476
297281941
2007055837
356019905
1270419686
161835846
219738324
2004607523
1933544363
71700602
705598331
1421932914
192115348
254972364
1697590978
2054876017
2130209158
276260644
1583294723
316496099
741370410
1448148354
1690383901
1922228787
1073292494
1869079160
532667879
1243513084
1623082674
735186033
55872214
1380125744
73399463
903072996
420386153
240627208
142351447
1804045267
452528215
1374340202
874796765
2111152833
1040054660
1963584694
1943125260
387474746
990674265
753562881
1203533148
975722567
1620251654
1117450458
205498757
764098390
64412350
645532598
1278180689
668049606
1853947138
1500806316
1563832915
395544834
1071075587
1566529088
1091066924
1863312223
1941425050
793665280
942612118
92882650
1366150776
1586088412
2048351401
2069451524
608401516
893023985
983223415
937203958
880479571
2025411065
62133956
575800992
2128850652
1900713041
279800608
1798787723
1483597662
974537438
1502426780
1008997015
1693788828
1718744960
1989778344
1900713072
707944489
230072339
1302442602
412076585
2031209079
970327790
325925185
1689533175
228838823
2030396198
461998331
426924807
1260641959
1766951515
1751093962
1234790902
1790425048
1423183246
1153455129
856493456
1190254834
198439549
950936781
148931548
148442299
1715578761
153041155
1049028088
1494947044
1809621887
1372781529
797895897
1143549501
349300319
1344305318
65169668
1414403426
606509028
1563638821
996369680
1064320730
1178795801
1285815759
441593585
1101466741
1603754060
2058665010
743170821
1206126846
1724149371
422304409
1037585025
2090399089
2087586047
1565052510
1719372611
1545793789
1737962810
899805470
444316405
134342735
4701790
1293948120
1862218904
1122073280
710845274
1749838654
1788734830
2059496788
1817792685
2141945311
879362554
1753925522
2051805850
643203998
288208861
561807284
1561836046
2026918380
1514239051
369275113
1805764329
181966220
2114137034
1280690577
1132296389
413947020
1279020226
513997553
1616892873
1726245919
993410210
1438238597
1725033630
1438848453
1575201881
1377929613
1839175313
1078780586
489030827
1075194477
2059207634
861130790
975640940
1381718959
1906096387
1302113834
235824109
1169695907
1444457499
472481293
317755975
1260776991
760109971
1805453950
1348931939
203799121
837712052
481479458
1532101527
331886235
1038629255
200620589
1006172171
1080618643
1051950939
1530226540
1422077313
1600632438
999801683
446914479
1853819315
666264339
1254652960
1724240723
2037299799
1517852247
1603537013
1683058783
667272899
1347803180
455508684
705585197
1816382592
1491625888
682286774
1625552755
1549608779
654300171
1329499104
1416178539
937940820
75310494
1838437859
1915824820
1911323176
968013611
1744288366
1623964652
445552243
145217564
1705617247
1895474428
1418705047
283059441
1651278109
1408078234
1469141628
1504719586
1780957271
971321410
1900209657
1436007443
569050330
1773420334
1277393457
2116562614
104035268
327411431
601254045
1359623743
355490604
951291806
150256448
1344357435
685915166
1652110326
633420791
212673550
36910300
797042902
105976491
115248573
1556694999
472777407
1822232841
1230307198
600203210
1880088207
855565167
2057145544
1892301069
155695892
631108327
1537848562
1128212040
819639867
1113739509
1288678230
846435683
503189400
16596680
1177823637
370202432
773887831
1129493173
1100348016
123308098
583037899
767127819
33307345
1064549962
1673770597
1846140357
1426580620
661760061
1981671883
2016208404
335616909
103091580
1313468649
1805257848
1829487263
526677240
872707771
590126903
1954656540
1104415589
1303372711
1759830679
136230551
1032935025
11454585
1137403437
320315934
794378676
1579758547
1270248954
2003326207
1090726928
661569778
438589928
222190918
1175201007
1058826453
1181982647
961373458
1722657245
1153929652
2051330002
1610910467
1068743611
1171906187
176296394
895213665
1075778227
2012143686
177948547
1787739425
1636111998
659805919
1371299318
1342054063
1879859080
1775306108
1684324091
1127734517
1248724129
1488160634
1112431381
1019860472
557616401
515461630
264812808
1606442336
28103088
510947049
1087362841
33438949
1486081225
515062213
1435063338
296461895
753778275
532741376
904423116
2003517170
886015322
273106168
1640772622
1531164900
396387260
841004079
1034768103
1482259593
691745522
213985507
377448798
744039485
1731520744
1147908170
987353222
994470284
1249790929
291926006
1404383558
718181991
1848292264
1860172808
185948212
1308698696
237232487
622947838
372398453
1621577012
49972165
429942384
963620332
71958076
97937534
293717120
705182202
1926711011
513572166
518049179
1690591356
360316657
1777113660
1766556011
12915383
911335662
334287441
364119892
1583885101
651045378
97239803
228492738
575349074
1044760231
2095280694
1743903801
1366004874
1231879654
849165764
613701008
242206861
1107354800
1728683744
888128428
1979289315
1826114578
589960009
1755389695
1499454344
1896061348
389995152
614893334
84636297
2136808418
1617227569
1212893999
1920380091
781117106
1274663343
847696509
616231489
2070627999
921526487
2076299170
470102518
483273818
1186375093
864090403
1448189959
177981131
137174487
1236435728
2089306802
1122434461
564519967
521491491
746796756
816728102
627125540
636698224
1851700449
271856236
2119930105
2146361028
773723936
1602576702
1415155585
42992384
1057903029
1179659882
440677670
1009368223
1286583536
963653164
1415260175
294033789
809958669
1293632687
1141956097
335217630
908334447
545917274
205223941
738940091
83770555
1592373853
2093380586
1769622505
2145856436
1334040487
491852278
1288838256
1112540250
1800584602
239921567
1060177583
1167341478
383981124
69491285
1259178752
1027588349
1339659827
150749190
2131775190
1503966025
1954736220
1601083803
204414675
1545754319
80047270
1414315227
184622041
1419617539
1378117188
1535946257
434966775
969029923
1018856551
1373320172
894133766
2000935891
1435574613
714151730
1128451959
825254468
1599138949
888636418
7890288
286368937
363435973
2029082745
1162490657
897119475
1046995690
1406355149
1274099272
18976231
674473946
1008840577
1549425435
1097181133
1828894801
3451083
1406369202
1493944188
932127433
586727770
995282154
51769217
1829832506
1799906870
392204241
1213713432
1262122181
1365478832
824829307
335479690
771084493
1273240791
992042028
2079592842
1630012523
844489540
1038594015
1859183322
34834259
1820627725
123230773
789672937
732233645
1308934239
2003643532
1244419726
609586195
234771377
74596813
1842683515
503057358
1281514965
1855866873
1338319175
2089598849
753329806
1807810660
2104336416
316951362
1100092039
2011271799
749587257
454102163
826939601
498412266
567756867
672152168
1003704799
858942286
291858876
1821053970
325894564
174704409
2102860956
389959201
1711580594
2008785256
779289815
1411736684
149957581
44127463
1634715039
1985060352
1534116524
1540032872
2141868542
1008544253
1753607217
2041027417
2004197814
152724480
1048439129
190045948
1267619839
585003275
1268531441
997943911
621886736
1181049740
1425469167
2008816094
656014808
1765178797
1727089795
1447003162
901244557
1040730904
862010159
158341080
1222747925
1453534985
1770783441
282796836
307257195
201673239
1683212611
548063998
537261973
1938087413
768950200
760806761
124664832
269286390
615059843
1862828755
1782555338
1522812
1917870680
649940888
194337956
1296888630
2090343425
1960850226
609232279
695572992
1045534617
1936282228
1528805881
603171024
1771596837
115610132
513857475
43531890
1106930117
1171132565
113145410
1844041584
130795882
398481539
2136773870
156409703
160812112
2102313216
403284879
211083012
1857078713
1849950524
1952620706
554336611
459527408
250606804
1230542160
1697729524
1748435636
1799233816
1826891370
197415213
1289072055
767669395
1530809985
1610862904
1681586442
430631325
1910521619
304099318
1518729547
861529819
1737648445
684444929
767659868
67843055
252252902
2097409491
192741183
570233652
1627749076
670714225
1717589086
1415755002
1963725340
143306852
257890652
180801862
412123663
837649595
1283307726
2097897221
1318823357
1580682420
1434406694
729658695
1963715389
300626182
87615519
68121791
379885870
1301509313
921105848
1408740711
1577664513
813663218
646365860
836126075
135602393
1360049636
848243448
886765270
471107562
149924597
1073746261
1416606684
1032460113
249166098
16374556
1168608963
1630580730
1531280521
684808236
2073445699
1421761066
2130099751
964211100
916843891
1463603454
888556218
4029069
1173497865
627811394
1595508997
1129700429
382072073
1828799908
1969293714
1563518993
232707
2139402098
188245099
1365209574
1364081554
1665958288
371317047
699111554
195207318
1515908516
200039051
571875170
1015123353
1907321754
1582956831
758849353
1087064190
149813528
2146494662
482241457
1922537539
2088960163
1679240173
1424966923
727998832
420580044
1989184015
742904803
562361979
118719885
742398577
1844708880
158313175
919919335
617591737
309868985
434875127
2024452762
1237707132
293166088
407050663
1812911753
1198152038
1428214306
1308215586
9605634
2022754307
2099286223
737304162
1864898356
44670330
41718231
1651458794
1216283437
705037585
1923953368
1308601761
369273460
1630181579
1991827721
220356974
21269078
1596293075
254942677
1991804126
1826711443
668962661
1429370621
136056883
737879531
1063286135
1479613641
1040808530
85623998
208336679
1506063848
2029335419
696497955
359366548
1203566672
169292532
101621028
181961521
1903654899
493710239
501158973
59896086
727144048
1323687101
2117549994
1190592776
1771550288
1981101180
589894673
205393037
106876271
658191822
1286265218
2008501485
336747451
